object frmlistausuarios: Tfrmlistausuarios
  Left = 0
  Top = 0
  Caption = 'Lista usuarios'
  ClientHeight = 480
  ClientWidth = 640
  FormFactor.Width = 320
  FormFactor.Height = 480
  FormFactor.Devices = [Desktop]
  DesignerMasterStyle = 0
  object Layout1: TLayout
    Align = Client
    Padding.Left = 2.000000000000000000
    Padding.Top = 2.000000000000000000
    Padding.Right = 2.000000000000000000
    Padding.Bottom = 2.000000000000000000
    Margins.Left = 3.000000000000000000
    Margins.Top = 3.000000000000000000
    Margins.Right = 3.000000000000000000
    Margins.Bottom = 3.000000000000000000
    Size.Width = 634.000000000000000000
    Size.Height = 474.000000000000000000
    Size.PlatformDefault = False
    TabOrder = 0
    object Layout3: TLayout
      Align = Client
      Padding.Left = 2.000000000000000000
      Padding.Top = 2.000000000000000000
      Padding.Right = 2.000000000000000000
      Padding.Bottom = 2.000000000000000000
      Size.Width = 630.000000000000000000
      Size.Height = 332.000000000000000000
      Size.PlatformDefault = False
      TabOrder = 1
      object ListView1: TListView
        ItemAppearanceClassName = 'TListItemRightDetailAppearance'
        ItemEditAppearanceClassName = 'TListItemRightDetailDeleteAppearance'
        HeaderAppearanceClassName = 'TListHeaderObjects'
        FooterAppearanceClassName = 'TListHeaderObjects'
        Align = Client
        Size.Width = 626.000000000000000000
        Size.Height = 328.000000000000000000
        Size.PlatformDefault = False
        TabOrder = 0
        SearchVisible = True
      end
    end
    object Layout4: TLayout
      Align = Bottom
      Padding.Left = 2.000000000000000000
      Padding.Top = 2.000000000000000000
      Padding.Right = 2.000000000000000000
      Padding.Bottom = 2.000000000000000000
      Position.X = 2.000000000000000000
      Position.Y = 384.000000000000000000
      Size.Width = 630.000000000000000000
      Size.Height = 88.000000000000000000
      Size.PlatformDefault = False
      TabOrder = 2
    end
    object Layout2: TLayout
      Align = Top
      Padding.Left = 2.000000000000000000
      Padding.Top = 2.000000000000000000
      Padding.Right = 2.000000000000000000
      Padding.Bottom = 2.000000000000000000
      Position.X = 2.000000000000000000
      Position.Y = 2.000000000000000000
      Size.Width = 630.000000000000000000
      Size.Height = 50.000000000000000000
      Size.PlatformDefault = False
      TabOrder = 0
      object Button1: TButton
        Align = Left
        Position.X = 2.000000000000000000
        Position.Y = 2.000000000000000000
        Size.Width = 46.000000000000000000
        Size.Height = 46.000000000000000000
        Size.PlatformDefault = False
        StyleLookup = 'arrowlefttoolbutton'
        TabOrder = 0
        Text = 'Button1'
        TextSettings.Trimming = None
      end
      object Button2: TButton
        Align = Right
        Position.X = 582.000000000000000000
        Position.Y = 2.000000000000000000
        Size.Width = 46.000000000000000000
        Size.Height = 46.000000000000000000
        Size.PlatformDefault = False
        StyleLookup = 'additembutton'
        TabOrder = 1
        Text = 'Button2'
        TextSettings.Trimming = None
      end
    end
  end
  object BindSourceDB1: TBindSourceDB
    DataSet = dm.usuario
    ScopeMappings = <>
    Left = 304
    Top = 224
  end
  object BindingsList1: TBindingsList
    Methods = <>
    OutputConverters = <>
    Left = 20
    Top = 5
    object LinkListControlToField1: TLinkListControlToField
      Category = 'Quick Bindings'
      DataSource = BindSourceDB1
      FieldName = 'usunome'
      Control = ListView1
      FillExpressions = <
        item
          SourceMemberName = 'usulogin'
          ControlMemberName = 'Detail'
        end>
      FillHeaderExpressions = <>
      FillBreakGroups = <>
    end
  end
end
